              precision    recall  f1-score   support

           0       0.97      0.98      0.98       301
           1       1.00      1.00      1.00       259
           2       0.99      0.99      0.99       189
           3       0.96      0.97      0.97       327
           4       0.99      0.98      0.98       287
           5       0.96      0.96      0.96       217
           6       0.99      0.98      0.98       318
           7       0.94      0.96      0.95       253
           8       0.98      0.98      0.98       330
           9       0.95      0.93      0.94       288
          10       0.95      0.96      0.95       299
          11       0.98      0.98      0.98       292
          12       0.91      0.96      0.94       296
          13       0.98      0.97      0.97       314
          14       0.99      0.95      0.97       291
          15       0.98      0.98      0.98       331
          16       0.94      0.96      0.95       269
          17       0.97      0.94      0.95       274

    accuracy                           0.97      5135
   macro avg       0.97      0.97      0.97      5135
weighted avg       0.97      0.97      0.97      5135
